month_date	gdp	tb	pi	ur	nyse	pce	ics
1959-01-01	260.1394751	2.82	2150.241635	6		1872.514835	
1959-02-01	260.1394751	2.7	2158.805897	5.9		1893.925491	
1959-03-01	260.1394751	2.8	2172.875757	5.6		1912.889215	
1959-04-01	266.0517957	2.95	2187.881749	5.2		1906.914244	
1959-05-01	266.0517957	2.84	2200.708527	5.1		1930.735402	
1959-06-01	266.0517957	3.21	2214.756902	5		1943.562179	
1959-07-01	266.2001825	3.2	2207.484028	5.1		1933.678126	
1959-08-01	266.2001825	3.38	2197.748707	5.2		1948.281107	
1959-09-01	266.2001825	4.04	2204.44174	5.5		1972.61941	
1959-10-01	266.9858779	4.05	2202.557731	5.7		1956.482211	
1959-11-01	266.9858779	4.15	2220.134554	5.8		1957.088308	
1959-12-01	266.9858779	4.49	2243.77235	5.3		1957.088308	
1960-01-01	272.9506218	4.35	2238.319449	5.2		1953.398527	
1960-02-01	272.9506218	3.96	2241.33768	4.8		1963.660509	
1960-03-01	272.9506218	3.31	2244.959556	5.4		1993.239165	
1960-04-01	271.5240561	3.23	2256.277473	5.2		2026.253989	
1960-05-01	271.5240561	3.29	2264.105498	5.1		1987.113868	
1960-06-01	271.5240561	2.46	2267.116276	5.4		1987.716023	
1960-07-01	272.8292829	2.3	2266.426643	5.5		1988.59886	
1960-08-01	272.8292829	2.3	2265.226523	5.6		1989.79898	
1960-09-01	272.8292829	2.48	2270.027003	5.5		2000.60006	
1960-10-01	269.3370827	2.3	2274.141438	6.1		2006.700969	
1960-11-01	269.3370827	2.37	2272.346536	6.1		2006.700969	
1960-12-01	269.3370827	2.25	2262.773723	6.6		1982.170635	
1961-01-01	271.1462687	2.24	2280	6.6		1983.283582	
1961-02-01	271.1462687	2.42	2291.343284	6.9		1992.238806	
1961-03-01	271.1462687	2.39	2299.701493	6.9		2016.119403	
1961-04-01	275.7281553	2.29	2297.933171	7		2010.840431	
1961-05-01	275.7281553	2.29	2318.184526	7.1		2024.539877	
1961-06-01	275.7281553	2.33	2342.605277	6.9		2030.496158	
1961-07-01	281.0598859	2.24	2349.691065	7		2023.526616	
1961-08-01	281.0598859	2.39	2352.06749	6.6		2032.438213	
1961-09-01	281.0598859	2.28	2356.820342	6.7		2046.102662	
1961-10-01	286.5442701	2.3	2373.704471	6.5		2052.117264	
1961-11-01	286.5442701	2.48	2396.209654	6.1		2072.253479	
1961-12-01	286.5442701	2.6	2411.015694	6		2087.05952	
1962-01-01	291.6568466	2.72	2397.478199	5.8		2081.074711	
1962-02-01	291.6568466	2.73	2414.565166	5.5		2085.788357	
1962-03-01	291.6568466	2.72	2434.008956	5.6		2105.821353	
1962-04-01	294.3290782	2.73	2443.673157	5.6		2111.888935	
1962-05-01	294.3290782	2.69	2446.614507	5.5		2129.537032	
1962-06-01	294.3290782	2.73	2448.379316	5.5		2120.124713	
1962-07-01	297.9160552	2.92	2452.597593	5.4		2121.514529	
1962-08-01	297.9160552	2.82	2458.46786	5.7		2130.31993	
1962-09-01	297.9160552	2.78	2471.382448	5.6		2164.954505	
1962-10-01	298.9162273	2.74	2475.688342	5.4		2147.041593	
1962-11-01	298.9162273	2.83	2484.475688	5.7		2177.504394	
1962-12-01	298.9162273	2.87	2495.020504	5.5		2188.635032	
1963-01-01	302.1755614	2.91	2508.019831	5.7		2183.727034	
1963-02-01	302.1755614	2.92	2495.771362	5.9		2177.89443	
1963-03-01	302.1755614	2.89	2504.520268	5.7		2187.226597	
1963-04-01	305.5778748	2.9	2510.043668	5.7		2191.557496	
1963-05-01	305.5778748	2.93	2524.017467	5.9		2196.215429	
1963-06-01	305.5778748	2.99	2542.066958	5.6		2222.416303	
1963-07-01	312.24561	3.18	2546.807768	5.6		2235.143621	
1963-08-01	312.24561	3.32	2560.181416	5.4		2246.191418	
1963-09-01	312.24561	3.38	2578.788231	5.5		2241.539714	
1963-10-01	314.3104343	3.45	2578.300744	5.5		2226.452097	
1963-11-01	314.3104343	3.52	2586.95276	5.7		2246.063333	
1963-12-01	314.3104343	3.52	2611.755206	5.5		2276.633789	
1964-01-01	320.9349126	3.52	2617.870285	5.6		2281.50874	
1964-02-01	320.9349126	3.53	2629.944802	5.4		2301.057958	
1964-03-01	320.9349126	3.54	2693.767249	5.4		2310.25759	
1964-04-01	324.4492887	3.47	2704.22212	5.3		2310.692978	
1964-05-01	324.4492887	3.48	2718.563561	5.1		2342.817806	
1964-06-01	324.4492887	3.48	2731.757687	5.2		2360.027536	
1964-07-01	329.4880585	3.46	2736.830077	4.9		2370.586219	
1964-08-01	329.4880585	3.5	2751.114158	5		2386.58439	
1964-09-01	329.4880585	3.53	2766.540967	5.1		2380.299394	
1964-10-01	330.5158978	3.57	2754.678346	5.1		2386.667425	
1964-11-01	330.5158978	3.64	2776.292589	4.8		2368.465958	
1964-12-01	330.5158978	3.84	2807.007565	5		2394.630567	
1965-01-01	338.5229202	3.81	2801.358234	4.9		2401.810979	
1965-02-01	338.5229202	3.93	2803.621958	5.1		2441.426146	
1965-03-01	338.5229202	3.93	2816.63837	4.7		2452.178834	
1965-04-01	342.7975889	3.93	2811.109233	4.8		2462.396485	
1965-05-01	342.7975889	3.89	2848.290237	4.6		2465.213227	
1965-06-01	342.7975889	3.8	2860.683905	4.6		2451.692862	
1965-07-01	350.423705	3.84	2881.75543	4.4		2474.886357	
1965-08-01	350.423705	3.84	2896.907795	4.4		2493.967114	
1965-09-01	350.423705	3.92	2973.79202	4.3		2536.618217	
1965-10-01	358.5163304	4.03	2940.028982	4.2		2555.456471	
1965-11-01	358.5163304	4.09	2965.66715	4.1		2558.80058	
1965-12-01	358.5163304	4.38	2989.075911	4		2573.291718	
1966-01-01	367.2149305	4.59	2975.023537	4	2953.646935	2576.286205	
1966-02-01	367.2149305	4.65	2999.94462	3.8	2905.022972	2603.976297	
1966-03-01	367.2149305	4.59	3019.327685	3.8	2832.419627	2630.558786	
1966-04-01	368.4866795	4.62	2993.683054	3.8	2862.839841	2619.609997	
1966-05-01	368.4866795	4.64	3001.922549	3.9	2700.796446	2598.736611	
1966-06-01	368.4866795	4.5	3022.246636	3.8	2666.520198	2611.919802	
1966-07-01	371.5793482	4.8	3009.085469	3.8	2605.298977	2614.656439	
1966-08-01	371.5793482	4.96	3036.287471	3.8	2395.952309	2628.80148	
1966-09-01	371.5793482	5.37	3064.033513	3.7	2375.822926	2661.443882	
1966-10-01	374.6533585	5.35	3056.379822	3.7	2462.152603	2634.475317	
1966-11-01	374.6533585	5.32	3075.263016	3.6	2486.700858	2644.186674	
1966-12-01	374.6533585	4.96	3079.039655	3.8	2494.092252	2653.358511	
1967-01-01	377.9819471	4.72	3098.001289	3.9	2687.19114	2655.276166	
1967-02-01	377.9819471	4.56	3107.672469	3.8	2701.966554	2648.828713	
1967-03-01	377.9819471	4.26	3132.387707	3.8	2813.292419	2663.87277	
1967-04-01	378.2006735	3.84	3120.756936	3.8	2913.187422	2679.74555	
1967-05-01	378.2006735	3.6	3133.051799	3.8	2779.226883	2684.556583	
1967-06-01	378.2006735	3.54	3154.968728	3.9	2841.396151	2709.146309	
1967-07-01	381.7642698	4.21	3147.834375	3.8	2947.739182	2682.939744	
1967-08-01	381.7642698	4.27	3169.014085	3.8	2915.228248	2699.354019	
1967-09-01	381.7642698	4.42	3178.015461	3.8	3007.095113	2730.064598	
1967-10-01	384.6355258	4.56	3156.682028	4	2886.520853	2682.237118	
1967-11-01	384.6355258	4.73	3186.531211	3.9	2893.695104	2709.467951	
1967-12-01	384.6355258	4.97	3197.004608	3.8	2980.624178	2749.790532	
1968-01-01	392.4953387	5	3194.012844	3.7	2829.086337	2749.637456	
1968-02-01	392.4953387	4.98	3229.749327	3.8	2725.554174	2763.621297	
1968-03-01	392.4953387	5.17	3271.182929	3.7	2740.936249	2819.03874	
1968-04-01	399.0466916	5.38	3258.162062	3.5	2953.000733	2788.170775	
1968-05-01	399.0466916	5.66	3283.788632	3.5	3007.739362	2817.897596	
1968-06-01	399.0466916	5.52	3308.90267	3.7	3039.15725	2851.212137	
1968-07-01	402.1367304	5.31	3280.211135	3.7	2939.806019	2858.447952	
1968-08-01	402.1367304	5.09	3297.974928	3.5	2975.23231	2877.734355	
1968-09-01	402.1367304	5.19	3309.648277	3.4	3096.482647	2883.824798	
1968-10-01	403.7185326	5.35	3289.625144	3.4	3078.274396	2860.717682	
1968-11-01	403.7185326	5.45	3313.14749	3.4	3242.330094	2886.24193	
1968-12-01	403.7185326	5.96	3331.665082	3.4	3116.910955	2885.240979	
1969-01-01	410.0411156	6.14	3304.601972	3.4	3057.858909	2890.474067	
1969-02-01	410.0411156	6.12	3313.518601	3.4	2890.771279	2916.233219	
1969-03-01	410.0411156	6.02	3335.314807	3.4	2977.757938	2917.223956	
1969-04-01	411.2844844	6.11	3303.169634	3.4	2999.266205	2905.008805	
1969-05-01	411.2844844	6.04	3354.040305	3.4	2993.054314	2936.313833	
1969-06-01	411.2844844	6.44	3394.149873	3.5	2799.647745	2939.248679	
1969-07-01	414.0321258	7	3385.268439	3.5	2582.847002	2907.240365	
1969-08-01	414.0321258	6.98	3415.657711	3.5	2700.159278	2941.970961	
1969-09-01	414.0321258	7.09	3437.364334	3.7	2636.438175	2957.889152	
1969-10-01	411.9820935	7	3413.182208	3.7	2741.880131	2945.518621	
1969-11-01	411.9820935	7.24	3433.660349	3.5	2643.20421	2955.043337	
1969-12-01	411.9820935	7.82	3456.043433	3.5	2594.818483	2965.996762	
1970-01-01	411.3834883	7.87	3438.057669	3.9	2360.664943	2952.474876	
1970-02-01	411.3834883	7.13	3462.947309	4.2	2487.742979	2977.364516	
1970-03-01	411.3834883	6.63	3484.549638	4.4	2476.331352	2969.381046	
1970-04-01	411.9772127	6.51	3491.26951	4.6	2194.942356	2945.671808	
1970-05-01	411.9772127	6.84	3488.027419	4.8	2046.083966	2975.313788	
1970-06-01	411.9772127	6.68	3504.237877	4.9	1938.35399	2993.37687	
1970-07-01	415.784638	6.45	3538.221242	5	2061.007052	2979.143697	
1970-08-01	415.784638	6.41	3558.434399	5.1	2152.839053	2999.356854	
1970-09-01	415.784638	6.12	3570.837927	5.4	2241.225629	3027.83903	
1970-10-01	411.3030468	5.91	3530.105187	5.5	2170.747184	2984.675372	
1970-11-01	411.3030468	5.28	3538.719623	5.9	2272.850871	2976.967719	
1970-12-01	411.3030468	4.87	3570.457018	6.1	2408.052208	3017.772942	
1971-01-01	422.4911795	4.44	3578.670001	5.9	2485.820088	3019.51677	
1971-02-01	422.4911795	3.7	3593.854674	5.9	2511.812706	3034.254835	
1971-03-01	422.4911795	3.38	3617.524898	6	2618.060926	3045.866643	
1971-04-01	424.7652634	3.86	3592.241569	5.9	2669.429129	3036.367644	
1971-05-01	424.7652634	4.14	3621.776504	5.9	2559.885484	3046.506502	
1971-06-01	424.7652634	4.75	3714.348689	5.9	2567.82019	3084.857836	
1971-07-01	428.2684587	5.4	3635.887589	6	2436.725537	3049.834177	
1971-08-01	428.2684587	4.94	3659.015535	6.1	2525.789832	3076.016757	
1971-09-01	428.2684587	4.69	3686.070868	6	2506.850982	3111.36324	
1971-10-01	429.2725148	4.46	3673.345739	5.8	2382.697914	3097.762583	
1971-11-01	429.2725148	4.22	3689.358203	6	2372.181655	3119.833817	
1971-12-01	429.2725148	4.01	3722.681439	6	2582.247773	3152.291513	
1972-01-01	437.1642936	3.38	3663.568932	5.8	2601.287501	3118.339159	
1972-02-01	437.1642936	3.2	3700.230199	5.7	2670.261808	3138.374968	
1972-03-01	437.1642936	3.73	3721.118595	5.8	2690.084312	3193.793162	
1972-04-01	447.0979495	3.71	3702.338587	5.7	2687.764714	3188.01898	
1972-05-01	447.0979495	3.69	3737.502118	5.7	2721.826902	3211.320115	
1972-06-01	447.0979495	3.91	3755.295713	5.7	2656.880211	3226.571767	
1972-07-01	451.3218632	3.98	3759.966429	5.6	2621.905111	3230.801511	
1972-08-01	451.3218632	4.02	3806.126731	5.6	2711.539962	3257.658414	
1972-09-01	451.3218632	4.66	3838.019303	5.5	2688.921611	3277.801091	
1972-10-01	458.8630148	4.74	3889.119085	5.6	2677.840474	3293.693544	
1972-11-01	458.8630148	4.78	3943.813707	5.3	2798.748703	3316.897323	
1972-12-01	458.8630148	5.07	3974.475843	5.2	2825.018555	3340.101102	
1973-01-01	470.2277568	5.41	3920.612813	4.9	2717.92561	3344.666557	
1973-02-01	470.2277568	5.6	3970.588235	5	2598.803797	3382.762576	
1973-03-01	470.2277568	6.09	4013.190234	4.9	2580.616009	3411.436998	
1973-04-01	475.3499818	6.26	3987.170694	5	2420.018461	3371.525396	
1973-05-01	475.3499818	6.36	4014.200992	4.9	2364.142494	3395.328196	
1973-06-01	475.3499818	7.19	4049.300036	4.9	2339.371384	3406.221003	
1973-07-01	472.8254848	8.01	3996.042738	4.8	2412.267578	3379.897111	
1973-08-01	472.8254848	8.67	4028.888009	4.8	2328.136157	3376.731302	
1973-09-01	472.8254848	8.29	4065.690542	4.8	2448.238951	3439.651761	
1973-10-01	477.3406278	7.22	4044.154736	4.6	2391.029333	3368.641602	
1973-11-01	477.3406278	7.83	4083.731036	4.8	2099.716653	3402.397858	
1973-12-01	477.3406278	7.45	4102.355178	4.9	2125.98453	3401.233849	
1974-01-01	473.2178218	7.77	4035.034273	5.1	2079.322273	3368.24067	
1974-02-01	473.2178218	7.12	4051.408987	5.2	2076.085274	3388.04265	
1974-03-01	473.2178218	7.96	4069.306931	5.1	2021.743995	3432.597106	
1974-04-01	474.360119	8.33	4000.372024	5.1	1885.416622	3388.392857	
1974-05-01	474.360119	8.23	4035.714286	5.1	1806.361563	3431.547619	
1974-06-01	474.360119	7.9	4061.755952	5.4	1766.220275	3452.380952	
1974-07-01	469.8568744	7.55	3990.530577	5.5	1587.899364	3389.836634	
1974-08-01	469.8568744	8.96	4026.673413	5.5	1440.761909	3450.918028	
1974-09-01	469.8568744	8.06	4064.261963	5.9	1278.335991	3452.002313	
1974-10-01	468.0429745	7.46	3989.186153	6	1446.738284	3367.741029	
1974-11-01	468.0429745	7.47	3997.612527	6.6	1378.414458	3357.208061	
1974-12-01	468.0429745	7.15	4029.91363	7.2	1341.303276	3376.869602	
1975-01-01	462.3399361	6.26	3962.374266	8.1	1485.014958	3349.239589	
1975-02-01	462.3399361	5.5	3986.062	8.1	1563.424779	3396.615057	
1975-03-01	462.3399361	5.49	4002.883724	8.6	1604.792444	3400.734663	
1975-04-01	465.6586158	5.61	4030.173872	8.8	1652.120946	3365.807456	
1975-05-01	465.6586158	5.23	4279.480414	9	1733.306353	3446.654489	
1975-06-01	465.6586158	5.34	4161.423449	8.8	1818.787575	3473.377985	
1975-07-01	473.6172052	6.13	4060.630235	8.6	1670.190104	3456.322298	
1975-08-01	473.6172052	6.44	4105.504587	8.4	1626.977766	3480.255285	
1975-09-01	473.6172052	6.42	4135.753224	8.4	1563.721556	3506.182688	
1975-10-01	479.9980384	5.96	4108.608232	8.4	1626.475267	3468.466996	
1975-11-01	479.9980384	5.48	4131.820708	8.3	1667.636535	3517.180502	
1975-12-01	479.9980384	5.44	4158.629483	8.2	1646.87616	3570.471115	
1976-01-01	490.7896865	4.87	4157.743198	7.9	1831.775002	3581.572903	
1976-02-01	490.7896865	4.88	4189.123613	7.7	1824.948999	3583.513959	
1976-03-01	490.7896865	5	4207.88716	7.6	1874.543049	3606.806638	
1976-04-01	494.3885722	4.86	4181.026199	7.7	1832.489959	3604.509641	
1976-05-01	494.3885722	5.2	4201.204279	7.4	1805.425668	3595.861892	
1976-06-01	494.3885722	5.41	4223.624367	7.6	1886.682461	3652.872974	
1976-07-01	497.1131348	5.23	4214.57029	7.8	1847.530475	3634.983874	
1976-08-01	497.1131348	5.14	4246.506039	7.8	1836.179163	3661.544299	
1976-09-01	497.1131348	5.08	4271.169291	7.6	1879.972168	3695.693417	
1976-10-01	500.7206759	4.92	4210.673459	7.7	1802.901389	3655.5666	
1976-11-01	500.7206759	4.75	4268.141153	7.8	1799.950304	3693.464215	
1976-12-01	500.7206759	4.35	4308.213221	7.8	1901.124534	3763.357356	
1977-01-01	506.6093975	4.62	4256.060652	7.5	1793.372275	3714.346856	
1977-02-01	506.6093975	4.67	4251.475039	7.6	1752.957638	3764.177188	
1977-03-01	506.6093975	4.6	4332.487542	7.4	1730.335392	3785.576717	
1977-04-01	516.4747377	4.54	4303.931026	7.2	1710.448616	3760.098879	
1977-05-01	516.4747377	4.96	4326.540456	7	1675.388912	3789.641867	
1977-06-01	516.4747377	5.02	4368.744724	7.2	1756.330595	3809.236706	
1977-07-01	525.7981892	5.19	4366.511794	6.9	1704.342387	3813.736002	
1977-08-01	525.7981892	5.49	4404.634263	7	1666.875098	3829.223255	
1977-09-01	525.7981892	5.81	4445.437217	6.8	1663.092757	3855.432452	
1977-10-01	525.8097432	6.16	4403.370164	6.8	1561.353891	3823.212151	
1977-11-01	525.8097432	6.1	4464.009796	6.8	1614.063774	3868.691875	
1977-12-01	525.8097432	6.07	4504.241859	6.4	1618.378458	3894.930177	
1978-01-01	527.4913793	6.44	4446.551724	6.4	1501.293138	3820.402299	83.7
1978-02-01	527.4913793	6.45	4493.678161	6.3	1471.523066	3893.965517	84.3
1978-03-01	527.4913793	6.29	4560.632184	6.3	1514.655103	3958.333333	78.8
1978-04-01	547.8640914	6.29	4524.460736	6.1	1606.992762	3937.403073	81.6
1978-05-01	547.8640914	6.41	4554.06739	6	1625.489863	3981.390103	82.9
1978-06-01	547.8640914	6.73	4583.956013	5.9	1599.859058	4020.301706	80
1978-07-01	553.3922977	7.01	4554.85624	6.2	1659.051196	3955.970832	82.4
1978-08-01	553.3922977	7.08	4597.277289	5.9	1710.649569	4011.977708	78.4
1978-09-01	553.3922977	7.85	4624.726204	6	1693.930773	4028.336152	80.4
1978-10-01	560.7998696	7.99	4580.231484	5.8	1484.37762	3985.491496	79.3
1978-11-01	560.7998696	8.64	4610.661305	5.9	1519.426153	4022.713688	75
1978-12-01	560.7998696	9.08	4655.219258	6	1540.401081	4065.913166	66.1
1979-01-01	561.8262355	9.35	4628.829117	5.9	1579.731081	4008.965738	72.1
1979-02-01	561.8262355	9.32	4672.590458	5.9	1521.613806	4050.058704	73.9
1979-03-01	561.8262355	9.48	4721.688547	5.8	1611.911669	4085.814922	68.4
1979-04-01	562.4133979	9.46	4618.950878	5.8	1579.699979	4006.876074	66
1979-05-01	562.4133979	9.61	4644.996614	5.6	1541.959733	4060.009376	68.1
1979-06-01	562.4133979	9.06	4671.04235	5.7	1607.7772	4104.026671	65.8
1979-07-01	566.6003976	9.24	4639.343427	5.7	1593.847217	4042.667074	60.4
1979-08-01	566.6003976	9.52	4681.398787	6	1681.704613	4117.856961	64.5
1979-09-01	566.6003976	10.26	4718.356528	5.9	1677.397117	4164.500178	66.7
1979-10-01	568.0196186	11.7	4667.434062	6	1526.975682	4107.902507	62.1
1979-11-01	568.0196186	11.79	4712.727091	5.9	1606.351016	4147.18983	63.3
1979-12-01	568.0196186	12.04	4762.023923	6	1639.157144	4169.711226	61
1980-01-01	569.7973089	12	4745.717017	6.3	1700.301439	4159.94706	67
1980-02-01	569.7973089	12.86	4771.45168	6.3	1683.194064	4169.995833	66.9
1980-03-01	569.7973089	15.2	4799.637264	6.3	1494.032051	4186.662092	56.5
1980-04-01	558.069999	13.2	4707.220147	6.9	1527.889447	4058.220818	52.7
1980-05-01	558.069999	8.58	4726.371732	7.5	1605.860356	4069.951163	51.7
1980-06-01	558.069999	7.07	4766.59006	7.6	1653.954838	4114.717993	58.7
1980-07-01	557.4101393	8.06	4740.194357	7.8	1724.271106	4091.090036	62.3
1980-08-01	557.4101393	9.13	4784.919799	7.7	1746.329516	4130.195527	67.3
1980-09-01	557.4101393	10.27	4850.017562	7.5	1792.132109	4169.301019	73.7
1980-10-01	567.8031859	11.62	4802.364325	7.5	1774.362111	4146.925921	75
1980-11-01	567.8031859	13.73	4848.920535	7.5	1955.086935	4169.062942	76.7
1980-12-01	567.8031859	15.49	4903.236113	7.2	1878.839792	4225.888904	64.5
1981-01-01	578.9157698	15.02	4804.767411	7.5	1746.219866	4158.142844	71.4
1981-02-01	578.9157698	14.79	4838.343858	7.4	1766.4325	4189.718047	66.9
1981-03-01	578.9157698	13.36	4885.929023	7.4	1840.278362	4231.299475	66.5
1981-04-01	574.6287857	13.69	4798.421385	7.2	1770.861006	4152.366832	72.4
1981-05-01	574.6287857	16.3	4829.383163	7.5	1775.003831	4172.862656	76.3
1981-06-01	574.6287857	14.73	4874.953666	7.5	1755.641807	4217.997078	73.1
1981-07-01	581.5113641	14.95	4889.78299	7.2	1718.679123	4156.358344	74.1
1981-08-01	581.5113641	15.51	4934.939862	7.4	1611.201421	4208.791679	77.2
1981-09-01	581.5113641	14.7	4956.341223	7.6	1516.158032	4206.437529	73.1
1981-10-01	575.1672487	13.54	4900.492279	7.9	1571.359433	4131.568982	70.3
1981-11-01	575.1672487	10.86	4929.734506	8.3	1632.073838	4145.664156	62.5
1981-12-01	575.1672487	10.85	4938.359911	8.5	1581.815172	4183.952539	64.3
1982-01-01	566.2364074	12.28	4906.615755	8.6	1522.599033	4144.392795	71
1982-02-01	566.2364074	13.48	4934.631028	8.9	1433.510478	4194.405246	66.5
1982-03-01	566.2364074	12.68	4946.4597	9	1415.746599	4200.423342	62
1982-04-01	568.8265661	12.7	4933.830458	9.3	1453.046212	4151.06322	65.5
1982-05-01	568.8265661	12.09	4942.229688	9.4	1398.225978	4188.347605	67.5
1982-06-01	568.8265661	12.47	4950.833777	9.6	1365.100145	4195.722539	65.7
1982-07-01	566.6484871	11.35	4954.752959	9.8	1313.759979	4185.755262	65.4
1982-08-01	566.6484871	8.68	4977.578475	9.8	1463.903307	4201.712924	65.4
1982-09-01	566.6484871	7.92	4989.092231	10.1	1477.578455	4251.201875	69.3
1982-10-01	566.8845839	7.71	4959.715308	10.4	1626.681909	4249.985006	73.4
1982-11-01	566.8845839	8.07	4993.502469	10.8	1690.097753	4296.967152	72.1
1982-12-01	566.8845839	7.94	5024.29077	10.8	1712.929043	4321.557808	71.9
1983-01-01	574.3397424	7.86	5026.291247	10.4	1757.148219	4313.748834	70.4
1983-02-01	574.3397424	8.11	5036.212473	10.4	1793.023404	4319.70157	74.6
1983-03-01	574.3397424	8.35	5066.372998	10.3	1846.955172	4370.895093	80.8
1983-04-01	587.4081661	8.21	5062.732662	10.2	1963.305781	4385.180516	89.1
1983-05-01	587.4081661	8.19	5087.156054	10.1	1959.346928	4423.588269	93.3
1983-06-01	587.4081661	8.79	5110.003742	10.1	2028.697465	4482.874082	92.2
1983-07-01	599.1561264	9.08	5148.993393	9.4	1942.643835	4491.044805	92.8
1983-08-01	599.1561264	9.34	5161.271462	9.5	1955.409224	4522.227203	90.9
1983-09-01	599.1561264	9	5217.204888	9.2	1983.239452	4550.486251	89.9
1983-10-01	611.6537718	8.64	5233.655706	8.8	1928.433269	4560.154739	89.3
1983-11-01	611.6537718	8.76	5286.847195	8.5	1967.292122	4576.982592	91.1
1983-12-01	611.6537718	9	5337.911025	8.3	1946.634377	4629.787234	94.2
1984-01-01	623.6236907	8.9	5332.324838	8	1909.714107	4632.824618	100.1
1984-02-01	623.6236907	9.09	5400.494035	7.8	1831.166302	4602.378262	97.4
1984-03-01	623.6236907	9.52	5454.110258	7.8	1856.059548	4656.185972	101
1984-04-01	634.3895956	9.69	5465.919878	7.7	1846.535043	4665.843934	96.1
1984-05-01	634.3895956	9.83	5481.298652	7.4	1740.744211	4698.120372	98.1
1984-06-01	634.3895956	9.87	5527.624834	7.2	1774.273799	4738.181128	95.5
1984-07-01	640.517144	10.12	5505.664496	7.5	1725.808269	4694.568858	96.6
1984-08-01	640.517144	10.47	5560.239377	7.5	1907.486123	4727.690165	99.1
1984-09-01	640.517144	10.37	5607.286687	7.3	1905.698415	4768.339042	100.9
1984-10-01	645.7654662	9.74	5557.942319	7.4	1890.933236	4728.220263	96.3
1984-11-01	645.7654662	8.61	5589.696653	7.2	1862.485012	4803.123132	95.7
1984-12-01	645.7654662	8.06	5639.569635	7.3	1903.578855	4824.043634	92.9
1985-01-01	652.0244151	7.76	5610.46888	7.3	2029.076149	4843.799131	96
1985-02-01	652.0244151	8.27	5584.389161	7.2	2052.159438	4884.490891	93.7
1985-03-01	652.0244151	8.52	5580.135023	7.2	2045.704263	4898.733007	93.7
1985-04-01	657.7619319	7.95	5644.606987	7.3	2023.303146	4887.618768	94.6
1985-05-01	657.7619319	7.48	5795.857608	7.2	2130.373166	4955.433444	91.8
1985-06-01	657.7619319	6.95	5689.449213	7.4	2159.134721	4942.568871	96.5
1985-07-01	667.8120604	7.08	5681.299209	7.4	2133.830138	4960.998155	94
1985-08-01	667.8120604	7.14	5695.913483	7.1	2112.968404	5027.493104	92.4
1985-09-01	667.8120604	7.1	5729.891672	7.1	2031.840851	5105.314116	92.1
1985-10-01	672.7741748	7.16	5735.825749	7.1	2106.218384	5006.267372	88.4
1985-11-01	672.7741748	7.24	5761.258561	7	2238.378175	5034.061802	90.9
1985-12-01	672.7741748	7.1	5815.212455	7	2335.567849	5107.090305	93.9
1986-01-01	679.0513548	7.07	5823.285913	6.7	2334.321496	5110.355923	95.6
1986-02-01	679.0513548	7.06	5853.473365	7.2	2499.087182	5097.883263	95.9
1986-03-01	679.0513548	6.56	5900.471792	7.2	2631.731212	5104.029211	95.1
1986-04-01	682.0964866	6.06	5888.422683	7.1	2584.826502	5105.616683	96.2
1986-05-01	682.0964866	6.15	5905.170085	7.2	2704.975556	5145.774432	94.8
1986-06-01	682.0964866	6.21	5922.637806	7.2	2741.351766	5153.337775	99.3
1986-07-01	688.6455755	5.83	5930.987482	7	2576.95754	5167.330249	97.7
1986-08-01	688.6455755	5.53	5947.30801	6.9	2755.783827	5198.536533	94.9
1986-09-01	688.6455755	5.21	5972.237168	7	2530.506763	5329.818143	91.9
1986-10-01	692.3281367	5.18	5946.987264	7	2648.424976	5231.529378	95.6
1986-11-01	692.3281367	5.35	5961.25718	6.9	2688.987193	5223.502551	91.4
1986-12-01	692.3281367	5.53	5979.629696	6.6	2613.731331	5346.04545	89.1
1987-01-01	697.5025701	5.43	5992.591017	6.6	2925.786175	5203.126662	90.4
1987-02-01	697.5025701	5.59	6045.411039	6.6	3036.353733	5320.4651	90.2
1987-03-01	697.5025701	5.59	6069.162324	6.6	3109.078585	5341.025914	90.8
1987-04-01	705.0238519	5.64	5822.668943	6.3	3031.280324	5349.152423	92.8
1987-05-01	705.0238519	5.66	6074.037564	6.3	3042.810058	5366.051154	91.1
1987-06-01	705.0238519	5.67	6088.999982	6.2	3184.090507	5409.002095	91.5
1987-07-01	711.1410053	5.69	6074.005486	6.1	3300.005267	5406.628348	93.7
1987-08-01	711.1410053	6.04	6123.622006	6	3407.519443	5469.697234	94.4
1987-09-01	711.1410053	6.4	6144.412027	5.9	3329.565609	5462.184874	93.6
1987-10-01	723.343444	6.13	6154.432793	6	2580.43163	5432.879799	89.3
1987-11-01	723.343444	5.69	6190.137794	5.8	2376.826517	5449.692348	83.1
1987-12-01	723.343444	5.77	6257.041338	5.7	2533.339085	5501.516596	86.8
1988-01-01	727.0934012	5.81	6245.550071	5.7	2620.926256	5526.854352	90.8
1988-02-01	727.0934012	5.66	6291.296198	5.7	2736.031169	5540.096652	91.6
1988-03-01	727.0934012	5.7	6338.590125	5.7	2665.846879	5607.340018	94.6
1988-04-01	736.6341355	5.91	6329.773645	5.4	2663.021884	5557.542623	91.2
1988-05-01	736.6341355	6.26	6357.02485	5.6	2666.087521	5609.660552	94.8
1988-06-01	736.6341355	6.46	6407.780219	5.4	2781.871044	5652.07024	94.7
1988-07-01	740.9458891	6.73	6389.46394	5.4	2729.075116	5626.020365	93.4
1988-08-01	740.9458891	7.06	6426.491627	5.6	2639.030514	5668.602205	97.4
1988-09-01	740.9458891	7.24	6470.25162	5.4	2732.996817	5680.383741	97.3
1988-10-01	750.8184685	7.35	6469.989488	5.4	2769.009897	5696.240551	94.1
1988-11-01	750.8184685	7.76	6487.176492	5.3	2715.379948	5723.773132	93
1988-12-01	750.8184685	8.07	6539.571827	5.3	2757.012465	5772.998048	91.9
1989-01-01	758.4677885	8.27	6533.284891	5.4	2909.682467	5753.141876	97.9
1989-02-01	758.4677885	8.53	6574.405892	5.2	2837.398651	5760.243093	95.4
1989-03-01	758.4677885	8.82	6632.206497	5	2892.226572	5778.078708	94.3
1989-04-01	764.2537338	8.65	6572.1102	5.2	2991.323254	5789.404883	91.5
1989-05-01	764.2537338	8.43	6565.900846	5.2	3090.14998	5803.784437	90.7
1989-06-01	764.2537338	8.15	6598.908461	5.3	3073.744152	5827.968234	90.6
1989-07-01	769.9197015	7.88	6589.828859	5.2	3300.332533	5816.692351	92
1989-08-01	769.9197015	7.9	6608.159624	5.2	3349.38759	5873.306838	89.6
1989-09-01	769.9197015	7.75	6642.712304	5.3	3327.098694	5875.415687	95.8
1989-10-01	771.4274209	7.64	6654.210425	5.3	3205.979035	5852.715676	93.9
1989-11-01	771.4274209	7.69	6675.149797	5.4	3258.085819	5868.339669	90.9
1989-12-01	771.4274209	7.63	6694.639521	5.4	3321.789912	5934.218156	90.5
1990-01-01	779.8578577	7.64	6712.560156	5.4	3058.179566	5944.959684	93
1990-02-01	779.8578577	7.74	6756.222711	5.3	3084.632023	5940.975874	89.5
1990-03-01	779.8578577	7.9	6783.47197	5.2	3148.325128	5983.522963	91.3
1990-04-01	782.6827616	7.77	6765.526262	5.4	3024.142378	5941.030934	93.9
1990-05-01	782.6827616	7.74	6772.617678	5.4	3281.576332	5950.170982	90.6
1990-06-01	782.6827616	7.73	6812.329609	5.2	3257.244986	5995.398459	88.3
1990-07-01	783.2033874	7.62	6794.737582	5.5	3215.027737	5971.312948	88.2
1990-08-01	783.2033874	7.45	6796.7688	5.7	2923.75116	6012.874799	76.4
1990-09-01	783.2033874	7.36	6835.2057	5.9	2773.081747	6046.936767	72.8
1990-10-01	776.0782915	7.17	6767.684601	5.9	2725.064812	6003.070862	63.9
1990-11-01	776.0782915	7.06	6777.920809	6.2	2887.246592	6005.087085	66
1990-12-01	776.0782915	6.74	6823.208276	6.3	2959.892599	5988.647114	65.5
1991-01-01	772.4477415	6.22	6763.273895	6.4	3046.475954	5899.338033	66.8
1991-02-01	772.4477415	5.94	6776.021748	6.6	3259.380273	5938.810303	70.4
1991-03-01	772.4477415	5.91	6788.308836	6.8	3334.085977	6009.921823	87.7
1991-04-01	778.4698187	5.65	6777.410158	6.7	3310.915317	5957.12565	81.8
1991-05-01	778.4698187	5.46	6806.684251	6.9	3433.759888	5996.920121	78.3
1991-06-01	778.4698187	5.57	6853.644777	6.9	3280.284113	6008.050376	82.1
1991-07-01	782.3991286	5.58	6797.984841	6.8	3396.768453	6000.090773	82.9
1991-08-01	782.3991286	5.33	6829.906655	6.9	3466.345892	6004.780708	82
1991-09-01	782.3991286	5.22	6872.418645	6.9	3412.759723	6028.38167	83
1991-10-01	785.1200144	4.99	6854.959995	7	3443.481762	5979.666727	78.3
1991-11-01	785.1200144	4.56	6880.978163	7	3303.690581	6021.17548	69.1
1991-12-01	785.1200144	4.07	6961.288576	7.3	3648.619441	6046.592071	68.2
1992-01-01	794.5249404	3.8	7014.039767	7.3	3583.78164	6120.409356	67.5
1992-02-01	794.5249404	3.84	7064.085467	7.4	3615.622094	6142.585295	68.8
1992-03-01	794.5249404	4.04	7088.95848	7.4	3537.047436	6168.806845	76
1992-04-01	803.1471552	3.75	7086.833482	7.4	3595.442329	6153.559726	77.2
1992-05-01	803.1471552	3.63	7130.175752	7.6	3604.423607	6193.625261	79.2
1992-06-01	803.1471552	3.66	7173.518022	7.8	3532.916294	6221.47751	80.4
1992-07-01	811.0763621	3.21	7157.467244	7.7	3653.984141	6232.287899	76.6
1992-08-01	811.0763621	3.13	7192.743226	7.6	3573.738488	6256.151064	76.1
1992-09-01	811.0763621	2.91	7171.251556	7.6	3596.149286	6307.138199	75.6
1992-10-01	819.5445445	2.86	7101.80769	7.3	3588.868265	6307.336749	73.3
1992-11-01	819.5445445	3.13	7126.685509	7.4	3695.945917	6330.595301	85.3
1992-12-01	819.5445445	3.22	7393.422835	7.4	3738.915271	6383.442266	91
1993-01-01	820.9154919	3	7209.315943	7.3	3744.52886	6354.134645	89.3
1993-02-01	820.9154919	2.93	7254.40253	7.1	3777.963328	6375.506858	86.6
1993-03-01	820.9154919	2.95	7246.644123	7	3860.612254	6371.408078	85.9
1993-04-01	825.6930398	2.87	7260.437434	7.1	3746.096464	6393.282789	85.6
1993-05-01	825.6930398	2.96	7272.370087	7.1	3825.186459	6435.483636	80.3
1993-06-01	825.6930398	3.07	7261.601595	7	3832.884533	6461.095185	81.5
1993-07-01	829.631987	3.04	7248.293022	6.9	3800.876593	6464.674228	77
1993-08-01	829.631987	3.02	7271.293832	6.8	3929.203697	6482.322648	77.3
1993-09-01	829.631987	2.95	7258.997801	6.7	3903.960739	6526.299039	77.9
1993-10-01	840.9107258	3.02	7206.963528	6.8	3945.917714	6521.545213	82.7
1993-11-01	840.9107258	3.1	7240.63017	6.6	3876.095357	6552.19049	81.2
1993-12-01	840.9107258	3.06	7489.101503	6.5	3941.356652	6576.649162	88.2
1994-01-01	849.0842963	2.98	7316.179103	6.6	4044.045406	6565.430932	94.3
1994-02-01	849.0842963	3.25	7347.251457	6.6	3924.896586	6633.446454	93.2
1994-03-01	849.0842963	3.5	7391.926916	6.5	3740.639057	6652.633991	91.5
1994-04-01	860.586542	3.68	7365.405991	6.4	3772.39432	6656.453957	92.6
1994-05-01	860.586542	4.14	7461.167954	6.1	3800.724082	6654.173911	92.8
1994-06-01	860.586542	4.14	7467.580585	6.1	3694.046242	6710.320062	91.2
1994-07-01	865.6148604	4.33	7454.553183	6.1	3784.717249	6688.581266	89
1994-08-01	865.6148604	4.48	7480.340621	6	3925.088855	6748.090738	91.7
1994-09-01	865.6148604	4.62	7521.288805	5.9	3828.159385	6765.660201	91.5
1994-10-01	875.5284667	4.95	7564.684329	5.8	3854.735158	6782.553551	92.7
1994-11-01	875.5284667	5.29	7578.9177	5.6	3701.550334	6800.450958	91.6
1994-12-01	875.5284667	5.6	7618.37655	5.5	3739.247628	6822.998873	95.1
1995-01-01	878.6415115	5.71	7617.318906	5.6	3793.072834	6799.730881	97.6
1995-02-01	878.6415115	5.77	7646.193093	5.4	3922.32015	6799.170218	95.1
1995-03-01	878.6415115	5.73	7681.514914	5.4	4017.01601	6847.667638	90.3
1995-04-01	881.2615955	5.65	7608.213484	5.8	4090.281294	6821.599453	92.5
1995-05-01	881.2615955	5.67	7697.071994	5.6	4224.950116	6881.442939	89.8
1995-06-01	881.2615955	5.47	7727.760961	5.6	4304.602073	6943.378855	92.7
1995-07-01	888.7534703	5.42	7716.823987	5.7	4422.654189	6899.222654	94.4
1995-08-01	888.7534703	5.4	7738.617435	5.7	4432.634675	6947.945586	96.2
1995-09-01	888.7534703	5.28	7769.294836	5.6	4597.904051	6969.044975	88.9
1995-10-01	894.7974084	5.28	7760.923923	5.5	4522.53855	6926.519955	90.2
1995-11-01	894.7974084	5.36	7782.060315	5.6	4726.746583	6984.126984	88.2
1995-12-01	894.7974084	5.14	7807.61739	5.6	4813.225996	7042.010306	91
1996-01-01	901.4903212	5	7798.064232	5.6	4943.067935	6991.99846	89.3
1996-02-01	901.4903212	4.83	7870.793005	5.5	4983.323144	7056.75319	88.5
1996-03-01	901.4903212	4.96	7920.012099	5.5	5043.224799	7112.434008	93.7
1996-04-01	916.5217629	4.95	7863.548612	5.6	5084.984216	7130.632419	92.7
1996-05-01	916.5217629	5.02	7977.052727	5.6	5194.860033	7152.26529	89.4
1996-06-01	916.5217629	5.09	8025.11056	5.3	5200.213697	7160.480305	92.4
1996-07-01	924.7461652	5.15	7994.977892	5.5	4945.166381	7167.285332	94.7
1996-08-01	924.7461652	5.05	8023.09078	5.1	5064.782494	7198.809979	95.3
1996-09-01	924.7461652	5.09	8064.714231	5.2	5300.575972	7228.28757	94.7
1996-10-01	934.350057	4.99	8045.555737	5.2	5375.278421	7233.127002	96.5
1996-11-01	934.350057	5.03	8081.935169	5.4	5718.751883	7263.940924	99.2
1996-12-01	934.350057	4.91	8118.857577	5.4	5630.7621	7301.134821	96.9
1997-01-01	940.3861983	5.03	8104.497551	5.3	5878.216527	7301.739377	97.4
1997-02-01	940.3861983	5.01	8144.034976	5.2	5928.576564	7332.640641	99.7
1997-03-01	940.3861983	5.14	8191.398923	5.2	5686.588522	7359.898525	100
1997-04-01	956.0041478	5.16	8189.126951	5.1	5936.961987	7351.899484	101.4
1997-05-01	956.0041478	5.05	8221.177801	4.9	6290.665885	7353.111491	103.2
1997-06-01	956.0041478	4.93	8258.211347	5	6584.860976	7398.89842	104.5
1997-07-01	967.9668539	5.05	8258.490996	4.9	7010.968183	7440.164121	107.1
1997-08-01	967.9668539	5.14	8308.102817	4.8	6670.416578	7491.384974	104.4
1997-09-01	967.9668539	4.95	8349.93765	4.9	7049.678969	7511.095617	106
1997-10-01	976.2803379	4.97	8374.719341	4.7	6799.208731	7534.614562	105.6
1997-11-01	976.2803379	5.14	8429.2473	4.6	7053.017879	7565.88795	107.2
1997-12-01	976.2803379	5.16	8476.023736	4.7	7223.871941	7607.318507	102.1
1998-01-01	986.0475358	5.04	8542.297786	4.6	7205.44989	7593.316696	106.6
1998-02-01	986.0475358	5.09	8591.808682	4.6	7680.007291	7638.557111	110.4
1998-03-01	986.0475358	5.03	8642.520652	4.7	8082.446882	7673.922037	106.5
1998-04-01	995.1737452	4.95	8659.965384	4.3	8128.012508	7706.164292	108.7
1998-05-01	995.1737452	5	8707.229397	4.4	7957.822017	7772.467048	106.5
1998-06-01	995.1737452	4.98	8749.167887	4.5	8147.170608	7817.467714	105.6
1998-07-01	1007.638567	4.96	8748.690891	4.5	7923.600766	7808.253682	105.2
1998-08-01	1007.638567	4.9	8789.124123	4.5	6736.74649	7854.652473	104.4
1998-09-01	1007.638567	4.61	8809.937295	4.6	7071.347929	7908.475071	100.9
1998-10-01	1023.915601	3.96	8817.572481	4.5	7595.404918	7930.619637	97.4
1998-11-01	1023.915601	4.41	8854.457239	4.4	7988.908313	7952.565408	102.7
1998-12-01	1023.915601	4.39	8880.501315	4.4	8328.724073	8025.4095	100.5
1999-01-01	1033.605089	4.34	8896.688881	4.3	8361.944705	7998.445855	103.9
1999-02-01	1033.605089	4.44	8924.215684	4.4	8167.254727	8036.509233	108.1
1999-03-01	1033.605089	4.44	8940.283961	4.2	8405.816446	8077.470168	105.7
1999-04-01	1041.565071	4.29	8931.772549	4.3	8801.616674	8131.389352	104.6
1999-05-01	1041.565071	4.5	8953.294576	4.2	8634.545299	8170.102755	106.8
1999-06-01	1041.565071	4.57	8985.577617	4.3	8993.517017	8207.241375	107.3
1999-07-01	1055.197353	4.55	8988.647956	4.3	8657.764513	8215.19186	106
1999-08-01	1055.197353	4.72	9044.885041	4.2	8467.748506	8274.044623	104.5
1999-09-01	1055.197353	4.68	9070.911041	4.2	8197.536031	8342.444613	107.2
1999-10-01	1073.13361	4.86	9094.090253	4.1	8603.21544	8328.151627	103.2
1999-11-01	1073.13361	5.07	9167.5881	4.1	8681.761055	8374.721944	107.2
1999-12-01	1073.13361	5.2	9264.371106	4	8944.753162	8505.847307	105.4
2000-01-01	1077.025944	5.32	9300.351439	4	8493.991635	8443.976433	112
2000-02-01	1077.025944	5.55	9365.987906	4.1	8096.568197	8553.025996	111.3
2000-03-01	1077.025944	5.69	9429.9447	4	8848.790458	8638.430927	107.1
2000-04-01	1096.737944	5.66	9407.307519	3.8	8747.408877	8567.520709	109.2
2000-05-01	1096.737944	5.79	9450.715983	4	8739.806075	8614.396712	110.7
2000-06-01	1096.737944	5.69	9505.040776	4	8730.713314	8661.015861	106.4
2000-07-01	1098.191779	5.96	9520.744742	4	8650.15528	8637.704478	108.3
2000-08-01	1098.191779	6.09	9571.69674	4.1	9107.892841	8682.399213	107.3
2000-09-01	1098.191779	6	9614.092888	3.9	8952.751356	8789.411179	106.8
2000-10-01	1105.035377	6.11	9590.081679	3.9	8945.695444	8749.920608	105.8
2000-11-01	1105.035377	6.17	9598.719561	3.9	8458.925749	8767.958538	107.6
2000-12-01	1105.035377	5.77	9627.681872	3.9	8822.796164	8822.961523	98.4
2001-01-01	1101.891319	5.15	9669.208626	4.2	8859.590301	8808.89854	94.7
2001-02-01	1101.891319	4.88	9699.38387	4.2	8369.640225	8832.634715	90.6
2001-03-01	1101.891319	4.42	9728.675319	4.3	7952.060626	8822.660472	91.5
2001-04-01	1108.329255	3.87	9661.157336	4.4	8424.030245	8786.315776	88.4
2001-05-01	1108.329255	3.62	9664.420265	4.3	8514.802528	8843.919029	92
2001-06-01	1108.329255	3.49	9681.989885	4.5	8250.592754	8860.98666	92.6
2001-07-01	1103.726064	3.51	9782.135893	4.6	8153.792139	8839.80801	92.4
2001-08-01	1103.726064	3.36	9949.377531	4.9	7769.186736	8885.680716	91.5
2001-09-01	1103.726064	2.64	9844.0078	5	7187.665519	8765.561722	81.8
2001-10-01	1106.739921	2.16	9693.900434	5.3	7196.952831	8980.415608	82.7
2001-11-01	1106.739921	1.87	9709.847013	5.5	7630.73708	8929.959635	83.9
2001-12-01	1106.739921	1.69	9719.564459	5.7	7769.45998	8904.79394	88.8
2002-01-01	1116.415631	1.65	9887.127016	5.7	7595.519727	8908.521972	93
2002-02-01	1116.415631	1.72	9911.340693	5.7	7596.836031	8963.15796	90.7
2002-03-01	1116.415631	1.79	9938.286168	5.7	7883.46397	8986.6266	95.7
2002-04-01	1123.182094	1.71	9981.193007	5.9	7511.934046	9038.987392	93
2002-05-01	1123.182094	1.73	10021.52906	5.8	7467.452791	9010.900632	96.9
2002-06-01	1123.182094	1.7	10055.80233	5.8	6974.103313	9054.82486	92.4
2002-07-01	1128.172032	1.68	9997.906249	5.8	6399.007147	9089.834224	88.1
2002-08-01	1128.172032	1.62	10010.46875	5.7	6453.444908	9115.821366	87.6
2002-09-01	1128.172032	1.63	10032.02207	5.7	5800.871938	9102.889376	86.1
2002-10-01	1129.920151	1.58	10021.7993	5.7	6123.790413	9100.22779	80.6
2002-11-01	1129.920151	1.23	10061.60139	5.9	6413.464249	9135.743503	84.2
2002-12-01	1129.920151	1.19	10103.97531	6	6123.398731	9200.773998	86.7
2003-01-01	1136.187748	1.17	10085.94941	5.8	5935.605213	9183.907345	82.4
2003-02-01	1136.187748	1.17	10099.48187	5.9	5749.551751	9187.320939	79.9
2003-03-01	1136.187748	1.13	10148.49131	5.9	5766.790565	9263.51722	77.6
2003-04-01	1145.967958	1.13	10151.4599	6	6237.76537	9263.851409	86
2003-05-01	1145.967958	1.07	10215.15571	6.1	6607.06746	9272.481949	92.1
2003-06-01	1145.967958	0.92	10254.90482	6.3	6691.91394	9333.868184	89.7
2003-07-01	1165.41977	0.9	10351.58139	6.2	6720.899306	9355.595319	90.9
2003-08-01	1165.41977	0.95	10453.0177	6.1	6843.2152	9472.023407	89.3
2003-09-01	1165.41977	0.94	10357.62646	6.1	6823.713349	9472.627914	87.7
2003-10-01	1178.801937	0.92	10335.81327	6	7162.185269	9429.814545	89.6
2003-11-01	1178.801937	0.93	10414.29791	5.8	7299.215178	9494.597421	93.7
2003-12-01	1178.801937	0.9	10452.99936	5.7	7769.13739	9530.173916	92.6
2004-01-01	1185.099022	0.88	10409.32952	5.7	7816.308617	9529.229301	103.8
2004-02-01	1185.099022	0.93	10451.92078	5.6	7984.216317	9567.88356	94.4
2004-03-01	1185.099022	0.94	10512.04963	5.8	7872.894368	9634.931997	95.8
2004-04-01	1194.124538	0.94	10489.68096	5.6	7620.25457	9571.854587	94.2
2004-05-01	1194.124538	1.02	10581.15592	5.6	7673.861847	9660.134432	90.2
2004-06-01	1194.124538	1.27	10620.68068	5.6	7813.819741	9641.200417	95.6
2004-07-01	1205.411729	1.33	10583.73307	5.5	7528.157804	9662.927953	96.7
2004-08-01	1205.411729	1.48	10620.41479	5.4	7588.200968	9703.136757	95.9
2004-09-01	1205.411729	1.65	10646.75038	5.4	7724.616723	9783.084086	94.2
2004-10-01	1217.487633	1.76	10617.6498	5.5	7808.369844	9770.627217	91.7
2004-11-01	1217.487633	2.07	10630.83349	5.4	8173.558212	9824.295315	92.8
2004-12-01	1217.487633	2.19	11031.24417	5.4	8458.628966	9895.347209	97.1
2005-01-01	1230.963874	2.33	10565.22091	5.3	8206.676712	9804.493524	95.5
2005-02-01	1230.963874	2.54	10598.55772	5.4	8474.528574	9872.787675	94.1
2005-03-01	1230.963874	2.74	10666.96762	5.2	8296.616297	9919.436052	92.6
2005-04-01	1236.646512	2.78	10654.6278	5.2	8055.910414	9937.928181	87.7
2005-05-01	1236.646512	2.84	10708.53832	5.1	8200.756446	9935.974068	86.9
2005-06-01	1236.646512	2.97	10738.07991	5	8296.68006	10028.96685	96
2005-07-01	1247.669822	3.22	10689.76909	5	8517.207382	10058.32564	96.5
2005-08-01	1247.669822	3.44	10746.27206	4.9	8539.341153	10061.62924	89.1
2005-09-01	1247.669822	3.42	10812.45799	5	8695.282663	10122.46107	76.9
2005-10-01	1255.551537	3.71	10821.23202	5	8400.049856	10087.80752	74.2
2005-11-01	1255.551537	3.88	10887.90697	5	8639.808095	10101.25552	81.6
2005-12-01	1255.551537	3.89	10945.31524	4.9	8762.614783	10136.40113	91.5
2006-01-01	1272.243483	4.24	11032.91548	4.7	9097.545429	10167.32692	91.2
2006-02-01	1272.243483	4.43	11077.46866	4.8	9045.989499	10201.33098	86.7
2006-03-01	1272.243483	4.51	11116.63506	4.7	9239.678359	10237.24287	88.9
2006-04-01	1275.22704	4.6	11066.19775	4.7	9428.203811	10211.01367	87.4
2006-05-01	1275.22704	4.72	11088.90175	4.6	9113.998423	10255.8652	79.1
2006-06-01	1275.22704	4.79	11142.8794	4.6	9091.695036	10284.46779	84.9
2006-07-01	1277.201843	4.95	11095.58913	4.7	9109.227481	10303.37861	84.7
2006-08-01	1277.201843	4.96	11127.41902	4.7	9271.07301	10302.49445	82
2006-09-01	1277.201843	4.81	11168.31158	4.5	9360.694943	10338.85567	85.4
2006-10-01	1288.07686	4.92	11157.18769	4.4	9662.479182	10321.20244	93.6
2006-11-01	1288.07686	4.94	11204.64681	4.5	9876.121786	10328.91042	92.1
2006-12-01	1288.07686	4.85	11288.77388	4.4	10063.33704	10426.69163	91.7
2007-01-01	1291.108736	4.98	11229.33659	4.6	10091.51924	10376.73922	96.9
2007-02-01	1291.108736	5.03	11307.7376	4.5	9949.557333	10409.99695	91.3
2007-03-01	1291.108736	4.94	11387.11999	4.4	10099.25013	10451.75993	88.4
2007-04-01	1298.504892	4.87	11337.0386	4.5	10430.79757	10417.76362	87.1
2007-05-01	1298.504892	4.73	11361.74039	4.4	10810.97675	10456.33308	88.3
2007-06-01	1298.504892	4.61	11368.02418	4.6	10696.54666	10473.66767	85.3
2007-07-01	1305.563939	4.82	11337.52264	4.7	10298.46081	10465.63766	90.4
2007-08-01	1305.563939	4.2	11353.25946	4.6	10344.24902	10513.38708	83.4
2007-09-01	1305.563939	3.89	11422.99733	4.7	10820.98848	10560.81314	83.4
2007-10-01	1313.498309	3.9	11392.02319	4.7	11070.49262	10550.2174	80.9
2007-11-01	1313.498309	3.27	11437.97305	4.7	10582.26379	10626.22792	76.1
2007-12-01	1313.498309	3	11506.03897	5	10457.15853	10637.60803	75.5
2008-01-01	1305.947224	2.75	11505.84561	5	9761.747538	10621.57045	78.4
2008-02-01	1305.947224	2.12	11527.98725	4.9	9586.646516	10603.81435	70.8
2008-03-01	1305.947224	1.26	11559.00694	5.1	9409.973408	10653.018	69.5
2008-04-01	1312.69284	1.29	11475.6889	5	9894.243653	10636.02511	62.6
2008-05-01	1312.69284	1.73	12079.58293	5.4	10002.21308	10696.66986	59.8
2008-06-01	1312.69284	1.86	11843.70678	5.6	9214.257335	10754.22917	56.4
2008-07-01	1305.594044	1.63	11621.07931	5.8	8911.859381	10671.34861	61.2
2008-08-01	1305.594044	1.72	11544.8305	6.1	8852.128079	10660.78783	63
2008-09-01	1305.594044	1.13	11589.39698	6.1	7955.222098	10606.71665	70.3
2008-10-01	1277.337713	0.67	11545.17508	6.5	6381.034936	10486.07163	57.6
2008-11-01	1277.337713	0.19	11499.27358	6.8	5894.868512	10339.20788	55.3
2008-12-01	1277.337713	0.03	11379.99284	7.3	6060.945618	10244.3518	60.1
2009-01-01	1262.994862	0.13	11425.72861	7.8	5470.634728	10301.33929	61.2
2009-02-01	1262.994862	0.3	11330.86253	8.3	4861.25946	10282.59771	56.3
2009-03-01	1262.994862	0.21	11317.91189	8.7	5242.355943	10232.58507	57.3
2009-04-01	1261.176954	0.16	11454.26939	9	5813.45016	10254.11755	65.1
2009-05-01	1261.176954	0.18	11658.09064	9.4	6330.869297	10279.5293	68.7
2009-06-01	1261.176954	0.18	11533.45705	9.5	6226.565197	10340.68622	70.8
2009-07-01	1265.765026	0.18	11468.53736	9.5	6766.816012	10366.44968	66
2009-08-01	1265.765026	0.17	11472.43464	9.6	6997.451214	10492.11064	65.7
2009-09-01	1265.765026	0.12	11513.09276	9.8	7279.361144	10410.37309	73.5
2009-10-01	1279.669113	0.07	11468.83759	10	7074.869771	10426.20645	70.6
2009-11-01	1279.669113	0.05	11528.98939	9.9	7445.343603	10435.23447	67.4
2009-12-01	1279.669113	0.05	11597.11943	9.9	7542.552369	10496.54101	72.5
2010-01-01	1284.60298	0.06	11592.16327	9.8	7208.22185	10473.19867	74.4
2010-02-01	1284.60298	0.11	11588.07946	9.8	7366.61121	10503.35606	73.6
2010-03-01	1284.60298	0.15	11640.2266	9.9	7798.824914	10564.61324	73.6
2010-04-01	1296.43851	0.16	11687.66872	9.9	7790.458816	10540.52927	72.2
2010-05-01	1296.43851	0.16	11784.08013	9.6	7078.754911	10559.39464	73.6
2010-06-01	1296.43851	0.12	11798.35944	9.4	6743.222436	10580.65727	76
2010-07-01	1305.998628	0.16	11793.76858	9.4	7273.794178	10584.58565	67.8
2010-08-01	1305.998628	0.16	11843.75714	9.5	6967.377421	10629.7936	68.9
2010-09-01	1305.998628	0.15	11843.13359	9.5	7566.949163	10651.41028	68.2
2010-10-01	1312.554385	0.13	11829.00489	9.4	7764.693217	10649.42178	67.7
2010-11-01	1312.554385	0.14	11877.47383	9.8	7679.526204	10701.09443	71.6
2010-12-01	1312.554385	0.14	11988.46667	9.3	8230.439341	10739.74556	74.5
2011-01-01	1309.393214	0.15	12012.78743	9.1	8366.477345	10726.95127	74.2
2011-02-01	1309.393214	0.13	12077.34136	9	8674.228596	10762.5176	77.5
2011-03-01	1309.393214	0.1	12089.16255	9	8639.721708	10845.16308	67.5
2011-04-01	1318.753702	0.06	12038.45918	9.1	8855.425906	10812.27916	69.8
2011-05-01	1318.753702	0.04	12062.76424	9	8657.176399	10837.19695	74.3
2011-06-01	1318.753702	0.04	12117.19532	9.1	8495.638987	10862.52323	71.5
2011-07-01	1318.402281	0.04	12097.04423	9	8198.065955	10834.27191	63.7
2011-08-01	1318.402281	0.02	12113.07621	9	7638.925387	10857.71108	55.8
2011-09-01	1318.402281	0.01	12108.91601	9	6891.367997	10895.76167	59.5
2011-10-01	1333.672735	0.02	12112.90437	8.8	7662.765957	10894.40037	60.8
2011-11-01	1333.672735	0.01	12135.4974	8.6	7582.849559	10900.88447	63.7
2011-12-01	1333.672735	0.01	12252.51512	8.5	7575.281182	10913.75136	69.9
2012-01-01	1344.123037	0.03	12310.71285	8.3	7892.146577	10936.46798	75
2012-02-01	1344.123037	0.09	12414.7201	8.3	8168.787992	11028.49376	75.3
2012-03-01	1344.123037	0.08	12481.27265	8.2	8263.118896	11026.78212	76.2
2012-04-01	1349.899211	0.08	12496.96629	8.2	8142.42883	11011.30244	76.4
2012-05-01	1349.899211	0.09	12492.65392	8.2	7485.443183	11000.17049	79.3
2012-06-01	1349.899211	0.09	12497.06658	8.2	7824.295572	10977.8063	73.2
2012-07-01	1351.725617	0.1	12349.61337	8.2	7846.276055	10952.55675	72.3
2012-08-01	1351.725617	0.1	12343.42729	8.1	7996.937068	10979.39636	74.3
2012-09-01	1351.725617	0.11	12441.30706	7.8	8232.476927	11036.6675	78.3
2012-10-01	1353.268412	0.1	12508.21446	7.8	8161.251964	11018.59297	82.6
2012-11-01	1353.268412	0.09	12676.27585	7.7	8199.99572	11055.32227	82.7
2012-12-01	1353.268412	0.07	12997.80617	7.9	8381.736369	11058.99521	72.9
2013-01-01	1365.249805	0.07	12223.27688	8	8794.540149	11076.6371	73.8
2013-02-01	1365.249805	0.1	12206.27058	7.7	8768.84261	11113.02267	77.6
2013-03-01	1365.249805	0.09	12208.74242	7.5	9004.479023	11100.66344	78.6
2013-04-01	1366.931214	0.06	12212.34139	7.6	9146.000614	11047.31295	76.4
2013-05-01	1366.931214	0.04	12290.22685	7.5	9171.032062	11085.95991	84.5
2013-06-01	1366.931214	0.05	12329.76112	7.5	8984.127565	11109.8185	84.1
2013-07-01	1377.634961	0.04	12272.5132	7.3	9378.941971	11084.10683	85.1
2013-08-01	1377.634961	0.04	12318.13811	7.2	9096.195133	11115.99521	82.1
2013-09-01	1377.634961	0.02	12372.98613	7.2	9440.177627	11152.98573	77.5
2013-10-01	1388.639933	0.05	12288.3034	7.2	9763.882722	11139.42078	73.2
2013-11-01	1388.639933	0.07	12345.95238	6.9	9933.211536	11205.55615	75.1
2013-12-01	1388.639933	0.07	12408.96632	6.7	10144.97138	11235.11223	82.5
2014-01-01	1385.142135	0.04	12455.12416	6.6	9687.205784	11188.59031	81.2
2014-02-01	1385.142135	0.05	12544.92444	6.7	10132.52379	11240.77944	81.6
2014-03-01	1385.142135	0.05	12645.70679	6.7	10231.5657	11315.41863	80
2014-04-01	1402.514994	0.03	12625.00121	6.3	10263.92946	11302.60095	84.1
2014-05-01	1402.514994	0.03	12678.12129	6.3	10388.65507	11346.83549	81.9
2014-06-01	1402.514994	0.04	12744.95601	6.1	10604.13943	11413.09072	82.5
2014-07-01	1419.459958	0.03	12748.36824	6.2	10310.99952	11401.14776	81.8
2014-08-01	1419.459958	0.03	12807.29412	6.2	10618.47181	11481.70222	82.5
2014-09-01	1419.459958	0.02	12846.12944	5.9	10288.40966	11494.29486	84.6
2014-10-01	1426.172134	0.02	12868.18954	5.7	10404.57437	11534.73468	86.9
2014-11-01	1426.172134	0.02	12915.1996	5.8	10510.50067	11561.98133	88.8
2014-12-01	1426.172134	0.03	12973.43452	5.6	10399.04851	11572.15085	93.6
2015-01-01	1437.88935	0.03	12988.91961	5.7	10117.544	11566.23267	98.1
2015-02-01	1437.88935	0.02	13051.3308	5.5	10622.18193	11601.18293	95.4
2015-03-01	1437.88935	0.03	13051.9069	5.5	10465.09816	11674.05999	93
2015-04-01	1449.752716	0.02	13048.94117	5.4	10549.8866	11642.1929	95.9
2015-05-01	1449.752716	0.02	13125.41771	5.5	10556.14945	11713.13181	90.7
2015-06-01	1449.752716	0.02	13186.04518	5.3	10316.40875	11751.5133	96.1
2015-07-01	1453.23021	0.03	13191.49139	5.2	10352.54076	11753.95036	93.1
2015-08-01	1453.23021	0.07	13235.72781	5.1	9681.117231	11790.67135	91.9
2015-09-01	1453.23021	0.02	13240.86494	5	9322.650409	11789.52976	87.2
2015-10-01	1454.689239	0.02	13242.76	5	9949.079804	11808.5501	90
2015-11-01	1454.689239	0.12	13228.20866	5	9900.223349	11840.88639	91.3
2015-12-01	1454.689239	0.23	13260.06943	5	9647.077769	11858.95668	92.6
2016-01-01	1460.275094	0.26	13337.68026	4.9	9169.197273	11881.58584	92
2016-02-01	1460.275094	0.31	13340.91666	4.9	9099.548116	11946.21865	91.7
2016-03-01	1460.275094	0.29	13376.70744	5	9716.21543	11943.45819	91
2016-04-01	1468.539772	0.23	13304.18423	5	9866.81533	11955.32152	89
2016-05-01	1468.539772	0.27	13314.20522	4.7	9870.672541	12004.7647	94.7
2016-06-01	1468.539772	0.27	13335.19257	4.9	9916.768865	12077.27505	93.5
2016-07-01	1475.561353	0.3	13335.34265	4.9	10158.52557	12046.58479	90
2016-08-01	1475.561353	0.3	13369.34408	4.9	10138.97261	12095.27936	89.8
2016-09-01	1475.561353	0.29	13424.44336	5	10098.46309	12153.39261	91.2
2016-10-01	1482.008996	0.33	13417.44753	4.9	9821.860617	12129.40405	87.2
2016-11-01	1482.008996	0.45	13459.70765	4.6	10155.97822	12163.13718	93.8
2016-12-01	1482.008996	0.51	13511.15067	4.7	10360.66378	12221.88906	98.2
2017-01-01	1488.588208	0.51	13551.71289	4.8	10461.85967	12210.30063	98.5
2017-02-01	1488.588208	0.52	13616.40643	4.7	10731.66129	12196.9704	96.3
2017-03-01	1488.588208	0.74	13660.31228	4.5	10713.44639	12266.97739	96.9
2017-04-01	1499.589143	0.8	13632.36661	4.4	10723.2481	12273.65681	97
2017-05-01	1499.589143	0.89	13689.16155	4.3	10780.84241	12297.3601	97.1
2017-06-01	1499.589143	0.98	13690.74177	4.3	10932.98029	12331.3813	95
2017-07-01	1510.07151	1.07	13673.55246	4.3	11071.23225	12296.45596	93.4
2017-08-01	1510.07151	1.01	13731.09337	4.4	10986.14247	12339.93543	96.8
2017-09-01	1510.07151	1.03	13798.99535	4.2	11294.63367	12438.9206	95.1
2017-10-01	1518.644784	1.07	13767.45938	4.1	11340.33832	12410.40579	100.7
2017-11-01	1518.644784	1.23	13811.75108	4.1	11603.87397	12495.86488	98.5
2017-12-01	1518.644784	1.32	13860.63736	4.1	11770.23436	12528.1188	95.9
2018-01-01	1526.988873	1.41	13930.38374	4.1	12222.58182	12491.97685	95.7
2018-02-01	1526.988873	1.57	13976.0997	4.1	11568.46862	12476.70772	99.7
2018-03-01	1526.988873	1.7	14031.14171	4.1	11385.15655	12553.87626	101.4
2018-04-01	1542.626013	1.76	13963.41574	3.9	11352.10967	12519.90641	98.8
2018-05-01	1542.626013	1.86	14015.47168	3.8	11362.79413	12588.28651	98
2018-06-01	1542.626013	1.9	14069.61348	4	11342.03198	12643.06314	98.2